10
45
41
40
48
47
98
63
92
50
63
36
85
10
80
79
77
61
76
27
15
49
74
62
11
80
15
18
97
74
40
18
43
54
80
66
69
98
17
20
86
53
20
49
97
50
8
99
59
15
43
53
8
52
43
36
46
10
52
85
66
49
31
54
34
10
8
5
15
1
90
97
8
88
74
3
12
44
19
96
41
98
68
26
50
90
92
44
54
71
32
48
72
72
42
41
59
37
68
98
8
15
75
89
59
82
47
8
70
73
55
58
30
2
92
30
11
55
88
86
43
65
1
72
87
31
14
2
61
79
29
39
67
21
58
34
77
17
61
67
75
8
22
96
74
70
72
18
57
76
3
78
60
17
13
3
83
75
97
2
57
63
11
38
68
77
99
89
22
63
64
84
3
1
72
83
58
48
57
33
50
60
86
39
85
51
98
11
48
83
9
73
58
11
90
61
75
6
48
85
65
70
90
71
26
93
27
38
94
91
50
66
72
35
75
66
27
51
46
70
90
15
54
54
97
81
66
70
28
49
47
72
67
88
61
36
92
51
81
31
61
14
1
91
25
30
81
46
30
96
81
70
5
28
18
70
33
3
90
88
47
17
24
39
52
86
54
87
65
72
13
91
43
46
28
20
7
89
29
41
77
88
29
14
65
17
19
37
43
95
87
67
48
91
49
57
70
28
65
69
37
31
0
41
77
48
81
87
20
90
44
24
13
98
68
86
94
31
28
66
99
34
9
48
79
42
16
80
60
78
58
49
49
44
96
23
27
54
68
25
90
92
83
42
1
61
63
35
73
57
9
78
79
92
48
93
69
98
4
85
36
4
96
47
3
12
39
10
28
89
83
43
40
40
78
57
5
95
6
99
76
84
71
61
82
33
35
84
84
56
41
83
90
34
81
27
28
35
96
6
65
33
52
16
53
40
31
30
71
90
13
4
48
79
77
74
94
81
79
84
53
55
60
32
19
48
31
57
81
75
28
78
57
18
64
55
11
4
92
4
92
7
91
65
18
50
43
66
71
40
12
61
12
64
20
1
11
70
87
45
92
54
74
35
93
51
31
14
53
98
8
80
71
34
73
98
12
70
77
13
50
46
14
35
57
2
89
93
97
99
76
96
70
88
94
80
4
74
93
61
59
80
35
22
90
39
47
87
60
30
48
46
43
50
45
30
13
81
71
81
77
93
72
37
88
88
52
10
99
22
81
82
32
82
94
33
25
94
69
64
16
11
19
34
9
62
56
51
54
94
31
77
17
42
61
16
20
78
61
53
34
90
33
27
78
67
99
91
93
95
19
46
29
84
90
65
33
4
64
12
25
8
60
88
94
83
48
73
76
71
32
80
95
7
27
98
76
60
53
5
5
46
88
79
80
29
22
70
22
26
1
55
27
16
2
52
34
25
80
32
26
46
61
20
69
38
3
61
30
79
73
6
34
98
69
49
20
23
94
54
49
98
15
43
62
81
58
86
49
90
51
5
32
3
1
97
70
9
71
91
88
55
13
72
84
1
6
87
76
61
26
85
21
93
21
20
8
3
63
13
46
83
71
41
5
3
46
67
6
77
81
28
94
93
64
3
2
90
59
97
94
96
66
46
51
7
40
30
35
71
77
43
62
28
21
62
76
5
63
81
54
94
98
37
64
23
86
97
16
72
95
83
24
91
31
42
98
76
24
2
65
84
56
20
0
69
29
58
11
66
81
95
74
28
98
68
90
53
36
56
11
20
15
45
76
66
40
0
7
20
45
66
4
63
93
78
45
49
71
68
4
1
77
59
85
95
33
71
16
42
64
92
71
18
71
24
65
90
81
69
17
27
3
96
98
27
87
83
1
54
98
60
41
11
32
39
68
59
55
0
2
38
8
75
11
22
75
7
34
26
75
21
33
33
9
19
82
24
14
51
75
74
39
14
85
7
10
48
46
27
51
53
52
45
68
23
36
76
87
46
25
19
73
48
11
41
20
39
63
55
47
12
47
91
26
43
28
53
77
81
84
13
58
17
75
37
11
40
29
32
46
85
53
84
11
13
81
13
20
20
7
16
76
36
62
79
47
9
18
26
43
19
13
15
24
13
25
99
16
40
23
78
41
40
6
97
29
1
22
67
93
42
41
25
19
95
15
84
26
94
54
73
79
98
30
35
44
3
15
41
58
69
45
78
64
95
80
19
4
11
56
12
74
70
72
84
32
22
71
8
18
65
6
79
65
65
66
19
68
85
53
62
54
67
96
11
55
50
91
38
15
60
84
57
85
30
26
9
17
69
